ADDR    ADDR+00  ADDR+04  ADDR+08  ADDR+0C  
-------------------------------------------
0000    7F454C46 02010100 00000000 00000000 
0010    0100B700 01000000 00000000 00000000 
0020    00000000 00000000 A0030000 00000000 
0030    00000000 40000000 00004000 09000800 
0040    FF8300D1 00000090 00000091 000040B9 
0050    E07702B9 00000090 00000091 000440B9 
0060    E09302B9 00000090 00000091 000840B9 
0070    E08F02B9 E01340BD 0140211E E01740BD 
0080    0028201E 2118201E 0090221E 2038201E 
0090    E01B00BD FF1F00B9 17000014 E11740BD 
00A0    E01B40BD 2108201E E01B40BD 2108201E 
00B0    E21340BD E01B40BD 4008201E 2128201E 
00C0    E00F40BD 2028201E 00000090 00000091 
00D0    E11F80B9 007821BC E11B40BD 00102E1E 
00E0    2028201E E01B00BD E01F40B9 00040011 
00F0    E01F00B9 E01F40B9 1F280071 0DFDFF54 
0100    1F2003D5 FF830091 C0035FD6 00000000 
0110    CDCC4C40 0000003F 66669640 00000000 
0120    00000000 00000000 00000000 00000000 
0130    00000000 00000000 00000000 00474343 
0140    3A202847 4E552054 6F6F6C63 6861696E 
0150    20666F72 20746865 20412D70 726F6669 
0160    6C652041 72636869 74656374 75726520 
0170    382E332D 32303139 2E303320 2861726D 
0180    2D72656C 2D382E33 36292920 382E332E 
0190    30000000 00000000 00000000 00000000 
01A0    00000000 00000000 00000000 00000000 
01B0    01000000 0400F1FF 00000000 00000000 
01C0    00000000 00000000 00000000 03000100 
01D0    00000000 00000000 00000000 00000000 
01E0    00000000 03000300 00000000 00000000 
01F0    00000000 00000000 00000000 03000400 
0200    00000000 00000000 00000000 00000000 
0210    09000000 00000300 00000000 00000000 
0220    00000000 00000000 0C000000 00000100 
0230    00000000 00000000 00000000 00000000 
0240    00000000 03000500 00000000 00000000 
0250    00000000 00000000 0F000000 11000300 
0260    00000000 00000000 2C000000 00000000 
0270    11000000 12000100 00000000 00000000 
0280    CC000000 00000000 0066706F 70732E63 
0290    00246400 24780076 006D6169 6E000000 
02A0    04000000 00000000 13010000 08000000 
02B0    00000000 00000000 08000000 00000000 
02C0    15010000 08000000 00000000 00000000 
02D0    14000000 00000000 13010000 08000000 
02E0    00000000 00000000 18000000 00000000 
02F0    15010000 08000000 00000000 00000000 
0300    24000000 00000000 13010000 08000000 
0310    00000000 00000000 28000000 00000000 
0320    15010000 08000000 00000000 00000000 
0330    88000000 00000000 13010000 08000000 
0340    00000000 00000000 8C000000 00000000 
0350    15010000 08000000 00000000 00000000 
0360    002E7379 6D746162 002E7374 72746162 
0370    002E7368 73747274 6162002E 72656C61 
0380    2E746578 74002E64 61746100 2E627373 
0390    002E636F 6D6D656E 74000000 00000000 
03A0    00000000 00000000 00000000 00000000 
03B0    00000000 00000000 00000000 00000000 
03C0    00000000 00000000 00000000 00000000 
03D0    00000000 00000000 00000000 00000000 
03E0    20000000 01000000 06000000 00000000 
03F0    00000000 00000000 40000000 00000000 
0400    CC000000 00000000 00000000 00000000 
0410    04000000 00000000 00000000 00000000 
0420    1B000000 04000000 40000000 00000000 
0430    00000000 00000000 A0020000 00000000 
0440    C0000000 00000000 06000000 01000000 
0450    08000000 00000000 18000000 00000000 
0460    26000000 01000000 03000000 00000000 
0470    00000000 00000000 10010000 00000000 
0480    2C000000 00000000 00000000 00000000 
0490    08000000 00000000 00000000 00000000 
04A0    2C000000 08000000 03000000 00000000 
04B0    00000000 00000000 3C010000 00000000 
04C0    00000000 00000000 00000000 00000000 
04D0    01000000 00000000 00000000 00000000 
04E0    31000000 01000000 30000000 00000000 
04F0    00000000 00000000 3C010000 00000000 
0500    56000000 00000000 00000000 00000000 
0510    01000000 00000000 01000000 00000000 
0520    01000000 02000000 00000000 00000000 
0530    00000000 00000000 98010000 00000000 
0540    F0000000 00000000 07000000 08000000 
0550    08000000 00000000 18000000 00000000 
0560    09000000 03000000 00000000 00000000 
0570    00000000 00000000 88020000 00000000 
0580    16000000 00000000 00000000 00000000 
0590    01000000 00000000 00000000 00000000 
05A0    11000000 03000000 00000000 00000000 
05B0    00000000 00000000 60030000 00000000 
05C0    3A000000 00000000 00000000 00000000 
05D0    01000000 00000000 00000000 00000000 
