ADDR    ADDR+00  ADDR+04  ADDR+08  ADDR+0C  
----------------------------------------------------------------------------
0000    464C457F 00010102 00000000 00000000 
0010    00B70001 00000001 00000000 00000000 
0020    00000000 00000000 000003A0 00000000 
0030    00000000 00000040 00400000 00080009 
0040    D10083FF 90000000 91000000 B9400000 
0050    B90277E0 90000000 91000000 B9400400 
0060    B90293E0 90000000 91000000 B9400800 
0070    B9028FE0 BD4013E0 1E214001 BD4017E0 
0080    1E202800 1E201821 1E229000 1E203820 
0090    BD001BE0 B9001FFF 14000017 BD4017E1 
00A0    BD401BE0 1E200821 BD401BE0 1E200821 
00B0    BD4013E2 BD401BE0 1E200840 1E202821 
00C0    BD400FE0 1E202820 90000000 91000000 
00D0    B9801FE1 BC217800 BD401BE1 1E2E1000 
00E0    1E202820 BD001BE0 B9401FE0 11000400 
00F0    B9001FE0 B9401FE0 7100281F 54FFFD0D 
0100    D503201F 910083FF D65F03C0 00000000 
0110    404CCCCD 3F000000 40966666 00000000 
0120    00000000 00000000 00000000 00000000 
0130    00000000 00000000 00000000 43434700 
0140    4728203A 5420554E 636C6F6F 6E696168 
0150    726F6620 65687420 702D4120 69666F72 
0160    4120656C 69686372 74636574 20657275 
0170    2D332E38 39313032 2033302E 6D726128 
0180    6C65722D 332E382D 20292936 2E332E38 
0190    00000030 00000000 00000000 00000000 
01A0    00000000 00000000 00000000 00000000 
01B0    00000001 FFF10004 00000000 00000000 
01C0    00000000 00000000 00000000 00010003 
01D0    00000000 00000000 00000000 00000000 
01E0    00000000 00030003 00000000 00000000 
01F0    00000000 00000000 00000000 00040003 
0200    00000000 00000000 00000000 00000000 
0210    00000009 00030000 00000000 00000000 
0220    00000000 00000000 0000000C 00010000 
0230    00000000 00000000 00000000 00000000 
0240    00000000 00050003 00000000 00000000 
0250    00000000 00000000 0000000F 00030011 
0260    00000000 00000000 0000002C 00000000 
0270    00000011 00010012 00000000 00000000 
0280    000000CC 00000000 6F706600 632E7370 
0290    00642400 76007824 69616D00 0000006E 
02A0    00000004 00000000 00000113 00000008 
02B0    00000000 00000000 00000008 00000000 
02C0    00000115 00000008 00000000 00000000 
02D0    00000014 00000000 00000113 00000008 
02E0    00000000 00000000 00000018 00000000 
02F0    00000115 00000008 00000000 00000000 
0300    00000024 00000000 00000113 00000008 
0310    00000000 00000000 00000028 00000000 
0320    00000115 00000008 00000000 00000000 
0330    00000088 00000000 00000113 00000008 
0340    00000000 00000000 0000008C 00000000 
0350    00000115 00000008 00000000 00000000 
0360    79732E00 6261746D 74732E00 62617472 
0370    68732E00 74727473 2E006261 616C6572 
0380    7865742E 642E0074 00617461 7373622E 
0390    6F632E00 6E656D6D 00000074 00000000 
03A0    00000000 00000000 00000000 00000000 
03B0    00000000 00000000 00000000 00000000 
03C0    00000000 00000000 00000000 00000000 
03D0    00000000 00000000 00000000 00000000 
03E0    00000020 00000001 00000006 00000000 
03F0    00000000 00000000 00000040 00000000 
0400    000000CC 00000000 00000000 00000000 
0410    00000004 00000000 00000000 00000000 
0420    0000001B 00000004 00000040 00000000 
0430    00000000 00000000 000002A0 00000000 
0440    000000C0 00000000 00000006 00000001 
0450    00000008 00000000 00000018 00000000 
0460    00000026 00000001 00000003 00000000 
0470    00000000 00000000 00000110 00000000 
0480    0000002C 00000000 00000000 00000000 
0490    00000008 00000000 00000000 00000000 
04A0    0000002C 00000008 00000003 00000000 
04B0    00000000 00000000 0000013C 00000000 
04C0    00000000 00000000 00000000 00000000 
04D0    00000001 00000000 00000000 00000000 
04E0    00000031 00000001 00000030 00000000 
04F0    00000000 00000000 0000013C 00000000 
0500    00000056 00000000 00000000 00000000 
0510    00000001 00000000 00000001 00000000 
0520    00000001 00000002 00000000 00000000 
0530    00000000 00000000 00000198 00000000 
0540    000000F0 00000000 00000007 00000008 
0550    00000008 00000000 00000018 00000000 
0560    00000009 00000003 00000000 00000000 
0570    00000000 00000000 00000288 00000000 
0580    00000016 00000000 00000000 00000000 
0590    00000001 00000000 00000000 00000000 
05A0    00000011 00000003 00000000 00000000 
05B0    00000000 00000000 00000360 00000000 
05C0    0000003A 00000000 00000000 00000000 
05D0    00000001 00000000 00000000 00000000 
